--==Allostery Values==--

[0, 0, 0, 0, 0, 0, 0, 0, 0, 0, 0.0019689999999998875, 0.06986899999999996, 0.03326899999999999, 0.008269000000000082, 0.167269, 0.08536900000000003, 0.03056900000000007, 0.05786899999999995, 0.05836899999999989, 0.04096900000000003, 0.009868999999999906, 0.04026899999999989, 0.010369000000000073, 0.027268999999999988, 0.0031689999999999774, 0.0022690000000000765, 0.0006690000000000307, 0.006569000000000047, 0.0005690000000000417, 0.0031689999999999774, 0.021868999999999916, 0.0021690000000000875, 0.012569000000000052, 0.010769000000000029, 0.011068999999999996, 0.007668999999999926, 0.004431000000000074, 0.0004310000000000702, 0.0024690000000000545, 0.008869000000000016, 0.008269000000000082, 0.02056900000000006, 0.004531000000000063, 0.00583099999999992, 0.002931000000000017, 0.001730999999999927, 0.005430999999999964, 0.005668999999999924, 0.052430999999999894, 0.03146899999999997, 0.0008310000000000262, 0.010131000000000112, 0.008731000000000044, 0.0064310000000000755, 0.109869, 0.021530999999999967, 0.0364310000000001, 0.03543099999999999, 0.05893100000000007, 0.25426899999999997, 0.013031000000000015, 0.1433310000000001, 0.03953099999999998, 0.002030999999999894, 0.040431000000000106, 0.007530999999999954, 0.024130999999999903, 0.003230999999999984, 0.050531000000000104, 0.01386899999999991, 0.004869000000000012, 0.038431000000000104, 0.0785309999999999, 0.071569, 0.0201309999999999, 0.020869000000000026, 0.04546899999999998, 0.016369000000000078, 0.0021690000000000875, 0.002331000000000083, 0.004569000000000045, 0.00506899999999999, 0.028969000000000023, 0.030969000000000024, 0.017530999999999963, 0.03266900000000006, 0.008869000000000016, 3.0999999999892225e-05, 0.0012309999999999821, 0.007330999999999976, 0.0011689999999999756, 0.0034689999999999444, 0.0035689999999999333, 0.0008310000000000262, 0.010769000000000029, 0.07406899999999994, 0.01386899999999991, 0.1228689999999999, 0.001930999999999905, 0.01916899999999999, 0.0027690000000000214, 0.0037689999999999113, 0.048168999999999906, 0.011968999999999896, 0.012269000000000085, 0.0403690000000001, 0.026269000000000098, 0.0023690000000000655, 0.0004690000000000527, 0.001730999999999927, 0.005168999999999979, 0.0009310000000000151, 0.171269, 0.01916899999999999, 0.01626900000000009, 0.005130999999999997, 0.025930999999999926, 0.008731000000000044, 0.008431000000000077, 0.04963099999999998, 0.02443100000000009, 0.0038689999999999003, 0.022030999999999912, 0.016769000000000034, 0.013330999999999982, 0.13656899999999994, 0.03046900000000008, 0.31003099999999995, 0.13343100000000008, 0.0028690000000000104, 0.02706900000000001, 0.0906309999999999, 0.05303100000000005, 0.028230999999999895, 0.054430999999999896, 0.015530999999999962, 0.08643099999999992, 0.017430999999999974, 0.018130999999999897, 0.030631000000000075, 0.0012309999999999821, 0.0009310000000000151, 0.04513100000000003, 0.03893100000000005, 0.006869000000000014, 0.0082310000000001, 0.010369000000000073, 0.015268999999999977, 0.024169000000000107, 0.017468999999999957, 0.1331690000000001, 0.10006899999999996, 0.11376900000000001, 0.10326900000000006, 0.1068690000000001, 0.05456900000000009, 0.09246899999999991, 0.03696900000000003, 0.04746899999999998, 0.13326900000000008, 0.10556900000000002, 0.06426899999999991, 0.03136899999999998, 0.02936899999999998, 0.0006310000000000482, 0.059468999999999994, 0.004931000000000019, 0.0017689999999999095, 0.07796899999999996, 0.0018689999999998985, 0.00143099999999996, 0.03286900000000004, 0.004369000000000067, 0.012569000000000052, 0.002431000000000072, 0.06466900000000009, 0.004869000000000012, 0.0060309999999998976, 0.06543100000000002, 0.008731000000000044, 0.003230999999999984, 0.004731000000000041, 0.007068999999999992, 0.018769000000000036, 0.0004690000000000527, 0.0016689999999999205, 0.023830999999999936, 0.024569000000000063, 0.005930999999999909, 0.013630999999999949, 0.0223310000000001, 0.0080309999999999, 0.005031000000000008, 0.002531000000000061, 0.007830999999999921, 0.031530999999999976, 0.08706900000000006, 0.013168999999999986, 0.003930999999999907, 0.018169000000000102, 0.13576900000000003, 0.146169, 0.024569000000000063, 0.028469000000000078, 0.13056899999999994, 0.03486900000000004, 0.019230999999999998, 0, 0, 0]


--==Mutation Factors==--





[0.34355828220858897, 0.4171779141104295, 0.5214723926380368, 0.45398773006134974, 0.4233128834355828, 0.2883435582822086, 0.4171779141104295, 0.5460122699386503, 0.2576687116564417, 0.2760736196319018, 0.36809815950920244, 0.2638036809815951, 0.3006134969325154, 0.23926380368098155, 0.18404907975460127, 0.018404907975460127, 0.3312883435582822, 0.06748466257668717, 0.036809815950920255, 0.1288343558282209, 0.33742331288343563, 0.245398773006135, 0.3067484662576687, 0.05521472392638038, 0.13496932515337423, 0.49693251533742333, 0.0, 0.14723926380368102, 0.1595092024539877, 0.22699386503067487, 0.012269938650306789, 0.28220858895705525, 0.705521472392638, 0.006134969325153339, 0.2024539877300614, 0.4049079754601227, 0.3006134969325154, 0.2331288343558282, 0.20858895705521474, 0.0, 0.22699386503067487, 0.21472392638036808, 0.11042944785276076, 0.2638036809815951, 0.1165644171779141, 0.0, 0.06748466257668717, 0.030674846625766916, 0.3803680981595092, 0.16564417177914115, 0.20858895705521474, 0.15337423312883436, 0.2331288343558282, 0.012269938650306789, 0.33742331288343563, 0.2638036809815951, 0.07361963190184051, 0.245398773006135, 0.0, 0.006134969325153339, 0.05521472392638038, 0.2331288343558282, 0.34355828220858897, 0.08588957055214719, 0.0, 0.20858895705521474, 0.3006134969325154, 0.006134969325153339, 0.15337423312883436, 0.0, 0.4662576687116564, 0.0, 0.0, 0.32515337423312884, 0.07975460122699385, 0.024539877300613466, 0.0, 0.16564417177914115, 0.2883435582822086, 0.5460122699386503, 0.4478527607361963, 0.3496932515337423, 0.08588957055214719, 0.34355828220858897, 0.006134969325153339, 0.030674846625766916, 0.07361963190184051, 0.22085889570552142, 0.15337423312883436, 0.006134969325153339, 0.5644171779141105, 0.6012269938650308, 0.006134969325153339, 0.0, 0.2576687116564417, 0.0, 0.0, 0.06748466257668717, 0.0, 0.1288343558282209, 0.26993865030674846, 0.042944785276073594, 0.042944785276073594, 0.1901840490797546, 0.2331288343558282, 0.06134969325153372, 0.3312883435582822, 0.2024539877300614, 0.3619631901840491, 0.23926380368098155, 0.018404907975460127, 0.3312883435582822, 0.042944785276073594, 0.012269938650306789, 0.2576687116564417, 0.50920245398773, 0.030674846625766916, 0.2576687116564417, 0.5398773006134969, 0.0, 0.22085889570552142, 0.06134969325153372, 0.5950920245398773, 0.006134969325153339, 0.0, 0.36809815950920244, 0.6993865030674846, 0.0, 0.2331288343558282, 0.7116564417177914, 0.19631901840490795, 0.006134969325153339, 0.18404907975460127, 0.44171779141104295, 0.0, 0.0, 0.0, 0.09815950920245398, 0.0, 0.0, 0.17177914110429449, 0.024539877300613466, 0.012269938650306789, 0.23926380368098155, 0.018404907975460127, 0.26993865030674846, 0.10429447852760731, 0.0, 0.14723926380368102, 0.35582822085889576, 0.0, 0.245398773006135, 0.08588957055214719, 0.17177914110429449, 0.0, 0.09815950920245398, 0.006134969325153339, 0.006134969325153339, 0.0, 0.0, 0.0, 0.08588957055214719, 0.0, 0.006134969325153339, 0.0, 0.006134969325153339, 0.012269938650306789, 0.09202453987730064, 0.0, 0.0, 0.012269938650306789, 0.0, 0.0, 0.0, 0.23926380368098155, 0.2024539877300614, 0.012269938650306789, 0.0, 0.0, 0.0, 0.0, 0.006134969325153339, 0.2331288343558282, 0.0, 0.006134969325153339, 0.0, 0.25153374233128833, 0.05521472392638038, 0.0, 0.2576687116564417, 0.006134969325153339, 0.0, 0.48466257668711654, 0.18404907975460127, 0.3803680981595092, 0.018404907975460127, 0.23926380368098155, 0.3496932515337423, 0.2331288343558282, 0.245398773006135, 0.0, 0.0, 0.0, 0.245398773006135, 0.0, 0.018404907975460127, 0.245398773006135, 0.042944785276073594, 0.09202453987730064, 0.030674846625766916]

